6 0 2 0 0 0 7 0 8
0 4 5 0 0 8 6 0 2
7 0 8 6 1 2 3 0 5
0 0 4 0 0 9 0 6 1
0 0 0 0 3 0 0 0 9
5 0 0 8 0 1 0 0 4
0 0 3 4 0 7 9 8 6
0 8 6 1 2 0 4 5 7
4 5 0 9 0 0 0 2 3

6 0 2 0 0 0 8 0 9
0 4 5 0 0 9 6 0 2
8 0 9 6 1 2 3 0 5
0 0 4 0 0 7 0 6 1
0 0 0 0 3 0 0 0 7
5 0 0 9 0 1 0 0 4
0 0 3 4 0 8 7 9 6
0 9 6 1 2 0 4 5 8
4 5 0 7 0 0 0 2 3

6 0 2 0 0 0 8 0 7
0 4 5 0 0 7 6 0 2
8 0 7 6 1 2 3 0 5
0 0 4 0 0 9 0 6 1
0 0 0 0 3 0 0 0 9
5 0 0 7 0 1 0 0 4
0 0 3 4 0 8 9 7 6
0 7 6 1 2 0 4 5 8
4 5 0 9 0 0 0 2 3

6 0 2 0 0 0 9 0 8
0 4 5 0 0 8 6 0 2
9 0 8 6 1 2 3 0 5
0 0 4 0 0 7 0 6 1
0 0 0 0 3 0 0 0 7
5 0 0 8 0 1 0 0 4
0 0 3 4 0 9 7 8 6
0 8 6 1 2 0 4 5 9
4 5 0 7 0 0 0 2 3

6 0 2 0 0 0 9 0 7
0 4 5 0 0 7 6 0 2
9 0 7 6 1 2 3 0 5
0 0 4 0 0 8 0 6 1
0 0 0 0 3 0 0 0 8
5 0 0 7 0 1 0 0 4
0 0 3 4 0 9 8 7 6
0 7 6 1 2 0 4 5 9
4 5 0 8 0 0 0 2 3