6 1 2 5 8 9 7 3 4
5 8 9 7 3 4 6 1 2
7 3 4 6 1 2 5 8 9
2 5 8 9 7 3 4 6 1
4 6 1 2 5 8 9 7 3
9 7 3 4 6 1 2 5 8
1 2 5 8 9 7 3 4 6
3 4 6 1 2 5 8 9 7
8 9 7 3 4 6 1 2 5

6 1 2 5 8 9 7 3 4
7 3 4 6 1 2 5 8 2
5 8 9 7 3 4 6 1 9
2 5 8 9 7 3 4 6 1
4 6 1 2 5 8 9 7 3
9 7 3 4 6 1 2 5 8
1 2 5 8 9 7 3 4 6
3 4 6 1 2 5 8 9 7
8 9 7 3 4 6 1 2 5

6 1 2 5 8 9 7 3 4
5 8 9 7 3 4 6 1 2
7 3 4 6 1 2 5 8 9
2 5 8 9 7 3 4 6 1
9 7 3 4 6 1 2 5 3
4 6 1 2 5 8 9 7 8
1 2 5 8 9 7 3 4 6
3 4 6 1 2 5 8 9 7
8 9 7 3 4 6 1 2 5

6 1 2 5 8 9 7 3 4
5 8 9 7 3 4 6 1 2
7 3 4 6 1 2 5 8 9
4 6 1 2 5 8 9 7 1
2 5 8 9 7 3 4 6 3
9 7 3 4 6 1 2 5 8
1 2 5 8 9 7 3 4 6
3 4 6 1 2 5 8 9 7
8 9 7 3 4 6 1 2 5

6 1 2 5 8 9 7 3 4
5 8 9 7 3 4 6 1 2
7 3 4 6 1 2 5 8 9
9 7 3 4 6 1 2 5 1
4 6 1 2 5 8 9 7 3
2 5 8 9 7 3 4 6 8
1 2 5 8 9 7 3 4 6
3 4 6 1 2 5 8 9 7
8 9 7 3 4 6 1 2 5

6 1 2 5 8 9 7 3 4
5 8 9 7 3 4 6 1 2
7 3 4 6 1 2 5 8 9
2 5 8 9 7 3 4 6 1
4 6 1 2 5 8 9 7 3
9 7 3 4 6 1 2 5 8
3 4 6 1 2 5 8 9 6
1 2 5 8 9 7 3 4 7
8 9 7 3 4 6 1 2 5

6 1 2 5 8 9 7 3 4
5 8 9 7 3 4 6 1 2
7 3 4 6 1 2 5 8 9
2 5 8 9 7 3 4 6 1
4 6 1 2 5 8 9 7 3
9 7 3 4 6 1 2 5 8
1 2 5 8 9 7 3 4 6
8 9 7 3 4 6 1 2 7
3 4 6 1 2 5 8 9 5

6 1 2 5 8 9 7 3 4
5 8 9 7 3 4 6 1 2
7 3 4 6 1 2 5 8 9
2 5 8 9 7 3 4 6 1
4 6 1 2 5 8 9 7 3
9 7 3 4 6 1 2 5 8
8 9 7 3 4 6 1 2 6
3 4 6 1 2 5 8 9 7
1 2 5 8 9 7 3 4 5

6 1 2 5 8 9 7 3 4
7 3 4 6 1 2 5 8 2
5 8 9 7 3 4 6 1 9
2 5 8 9 7 3 4 6 1
9 7 3 4 6 1 2 5 3
4 6 1 2 5 8 9 7 8
1 2 5 8 9 7 3 4 6
3 4 6 1 2 5 8 9 7
8 9 7 3 4 6 1 2 5

6 1 2 5 8 9 7 3 4
7 3 4 6 1 2 5 8 2
5 8 9 7 3 4 6 1 9
4 6 1 2 5 8 9 7 1
2 5 8 9 7 3 4 6 3
9 7 3 4 6 1 2 5 8
1 2 5 8 9 7 3 4 6
3 4 6 1 2 5 8 9 7
8 9 7 3 4 6 1 2 5

6 1 2 5 8 9 4 7 3
4 7 3 6 1 2 5 8 2
5 8 9 4 7 3 6 1 9
9 4 7 3 6 1 2 5 1
3 6 1 2 5 8 9 4 7
2 5 8 9 4 7 3 6 8
1 2 5 8 9 4 7 3 6
7 3 6 1 2 5 8 9 4
8 9 4 7 3 6 1 2 5

6 1 2 5 8 9 4 7 3
4 7 3 6 1 2 5 8 2
5 8 9 4 7 3 6 1 9
2 5 8 9 4 7 3 6 1
3 6 1 2 5 8 9 4 7
9 4 7 3 6 1 2 5 8
7 3 6 1 2 5 8 9 6
1 2 5 8 9 4 7 3 4
8 9 4 7 3 6 1 2 5

6 1 2 5 8 9 4 7 3
4 7 3 6 1 2 5 8 2
5 8 9 4 7 3 6 1 9
2 5 8 9 4 7 3 6 1
3 6 1 2 5 8 9 4 7
9 4 7 3 6 1 2 5 8
1 2 5 8 9 4 7 3 6
8 9 4 7 3 6 1 2 4
7 3 6 1 2 5 8 9 5

6 1 2 5 8 9 4 7 3
4 7 3 6 1 2 5 8 2
5 8 9 4 7 3 6 1 9
2 5 8 9 4 7 3 6 1
3 6 1 2 5 8 9 4 7
9 4 7 3 6 1 2 5 8
8 9 4 7 3 6 1 2 6
7 3 6 1 2 5 8 9 4
1 2 5 8 9 4 7 3 5

6 1 2 5 8 9 4 7 3
5 8 9 4 7 3 6 1 2
4 7 3 6 1 2 5 8 9
3 6 1 2 5 8 9 4 1
2 5 8 9 4 7 3 6 7
9 4 7 3 6 1 2 5 8
7 3 6 1 2 5 8 9 6
1 2 5 8 9 4 7 3 4
8 9 4 7 3 6 1 2 5

6 1 2 5 8 9 4 7 3
5 8 9 4 7 3 6 1 2
4 7 3 6 1 2 5 8 9
3 6 1 2 5 8 9 4 1
2 5 8 9 4 7 3 6 7
9 4 7 3 6 1 2 5 8
1 2 5 8 9 4 7 3 6
8 9 4 7 3 6 1 2 4
7 3 6 1 2 5 8 9 5

6 1 2 5 8 9 4 7 3
5 8 9 4 7 3 6 1 2
4 7 3 6 1 2 5 8 9
3 6 1 2 5 8 9 4 1
2 5 8 9 4 7 3 6 7
9 4 7 3 6 1 2 5 8
8 9 4 7 3 6 1 2 6
7 3 6 1 2 5 8 9 4
1 2 5 8 9 4 7 3 5

6 1 2 5 8 9 4 7 3
5 8 9 4 7 3 6 1 2
4 7 3 6 1 2 5 8 9
2 5 8 9 4 7 3 6 1
9 4 7 3 6 1 2 5 7
3 6 1 2 5 8 9 4 8
7 3 6 1 2 5 8 9 6
1 2 5 8 9 4 7 3 4
8 9 4 7 3 6 1 2 5

6 1 2 5 8 9 4 7 3
5 8 9 4 7 3 6 1 2
4 7 3 6 1 2 5 8 9
2 5 8 9 4 7 3 6 1
9 4 7 3 6 1 2 5 7
3 6 1 2 5 8 9 4 8
1 2 5 8 9 4 7 3 6
8 9 4 7 3 6 1 2 4
7 3 6 1 2 5 8 9 5

6 1 2 5 8 9 4 7 3
5 8 9 4 7 3 6 1 2
4 7 3 6 1 2 5 8 9
2 5 8 9 4 7 3 6 1
9 4 7 3 6 1 2 5 7
3 6 1 2 5 8 9 4 8
8 9 4 7 3 6 1 2 6
7 3 6 1 2 5 8 9 4
1 2 5 8 9 4 7 3 5

6 1 2 5 8 9 4 7 3
5 8 9 4 7 3 6 1 2
4 7 3 6 1 2 5 8 9
9 4 7 3 6 1 2 5 1
3 6 1 2 5 8 9 4 7
2 5 8 9 4 7 3 6 8
7 3 6 1 2 5 8 9 6
1 2 5 8 9 4 7 3 4
8 9 4 7 3 6 1 2 5

6 1 2 5 8 9 4 7 3
5 8 9 4 7 3 6 1 2
4 7 3 6 1 2 5 8 9
9 4 7 3 6 1 2 5 1
3 6 1 2 5 8 9 4 7
2 5 8 9 4 7 3 6 8
1 2 5 8 9 4 7 3 6
8 9 4 7 3 6 1 2 4
7 3 6 1 2 5 8 9 5

6 1 2 5 8 9 4 7 3
5 8 9 4 7 3 6 1 2
4 7 3 6 1 2 5 8 9
9 4 7 3 6 1 2 5 1
3 6 1 2 5 8 9 4 7
2 5 8 9 4 7 3 6 8
8 9 4 7 3 6 1 2 6
7 3 6 1 2 5 8 9 4
1 2 5 8 9 4 7 3 5

6 1 2 5 8 9 4 7 3
4 7 3 6 1 2 5 8 2
5 8 9 4 7 3 6 1 9
3 6 1 2 5 8 9 4 1
2 5 8 9 4 7 3 6 7
9 4 7 3 6 1 2 5 8
7 3 6 1 2 5 8 9 6
1 2 5 8 9 4 7 3 4
8 9 4 7 3 6 1 2 5

6 1 2 5 8 9 4 7 3
4 7 3 6 1 2 5 8 2
5 8 9 4 7 3 6 1 9
3 6 1 2 5 8 9 4 1
2 5 8 9 4 7 3 6 7
9 4 7 3 6 1 2 5 8
1 2 5 8 9 4 7 3 6
8 9 4 7 3 6 1 2 4
7 3 6 1 2 5 8 9 5

6 1 2 5 8 9 4 7 3
4 7 3 6 1 2 5 8 2
5 8 9 4 7 3 6 1 9
3 6 1 2 5 8 9 4 1
2 5 8 9 4 7 3 6 7
9 4 7 3 6 1 2 5 8
8 9 4 7 3 6 1 2 6
7 3 6 1 2 5 8 9 4
1 2 5 8 9 4 7 3 5

6 1 2 5 8 9 4 7 3
4 7 3 6 1 2 5 8 2
5 8 9 4 7 3 6 1 9
2 5 8 9 4 7 3 6 1
9 4 7 3 6 1 2 5 7
3 6 1 2 5 8 9 4 8
7 3 6 1 2 5 8 9 6
1 2 5 8 9 4 7 3 4
8 9 4 7 3 6 1 2 5

6 1 2 5 8 9 4 7 3
4 7 3 6 1 2 5 8 2
5 8 9 4 7 3 6 1 9
2 5 8 9 4 7 3 6 1
9 4 7 3 6 1 2 5 7
3 6 1 2 5 8 9 4 8
1 2 5 8 9 4 7 3 6
8 9 4 7 3 6 1 2 4
7 3 6 1 2 5 8 9 5

6 1 2 5 8 9 4 7 3
4 7 3 6 1 2 5 8 2
5 8 9 4 7 3 6 1 9
2 5 8 9 4 7 3 6 1
9 4 7 3 6 1 2 5 7
3 6 1 2 5 8 9 4 8
8 9 4 7 3 6 1 2 6
7 3 6 1 2 5 8 9 4
1 2 5 8 9 4 7 3 5

6 1 2 5 8 9 4 7 3
4 7 3 6 1 2 5 8 2
5 8 9 4 7 3 6 1 9
9 4 7 3 6 1 2 5 1
3 6 1 2 5 8 9 4 7
2 5 8 9 4 7 3 6 8
7 3 6 1 2 5 8 9 6
1 2 5 8 9 4 7 3 4
8 9 4 7 3 6 1 2 5

