6 0 2 0 0 5 7 9 8
0 4 0 7 9 0 6 0 2
7 9 0 6 0 2 0 4 5
2 3 0 5 7 9 0 0 1
0 6 0 2 3 0 5 7 9
0 0 0 0 0 1 0 3 4
1 0 0 4 0 0 0 8 6
9 8 0 0 2 0 4 0 7
4 0 7 0 0 0 1 2 3

6 0 2 0 0 5 7 9 8
0 9 0 6 1 0 3 0 2
3 4 0 7 0 8 0 1 5
2 3 0 5 7 9 0 0 1
0 6 0 2 3 0 5 7 9
0 0 0 0 0 1 0 3 4
1 0 0 4 0 0 0 8 6
9 8 0 0 2 0 4 0 7
4 0 7 0 0 0 1 2 3

6 0 2 0 0 5 7 9 8
0 4 0 7 9 0 6 0 2
7 9 0 6 0 2 0 4 5
2 3 0 5 7 9 0 0 1
0 7 0 8 6 0 2 3 9
0 0 0 0 0 4 0 7 4
1 0 0 4 0 0 0 8 6
9 8 0 0 2 0 4 0 7
4 0 7 0 0 0 1 2 3

6 0 2 0 0 5 7 9 8
0 4 0 7 9 0 6 0 2
7 9 0 6 0 2 0 4 5
8 6 0 2 3 4 0 0 1
0 3 0 5 7 0 8 6 9
0 0 0 0 0 1 0 3 4
1 0 0 4 0 0 0 8 6
9 8 0 0 2 0 4 0 7
4 0 7 0 0 0 1 2 3

6 0 2 0 0 5 7 9 8
0 4 0 7 9 0 6 0 2
7 9 0 6 0 2 0 4 5
5 7 0 8 6 1 0 0 1
0 6 0 2 3 0 5 7 9
0 0 0 0 0 9 0 6 4
1 0 0 4 0 0 0 8 6
9 8 0 0 2 0 4 0 7
4 0 7 0 0 0 1 2 3

6 0 2 0 0 5 7 9 8
0 4 0 7 9 0 6 0 2
7 9 0 6 0 2 0 4 5
2 3 0 5 7 9 0 0 1
0 6 0 2 3 0 5 7 9
0 0 0 0 0 1 0 3 4
9 0 0 1 0 0 0 5 6
1 2 0 0 5 0 9 0 7
4 0 7 0 0 0 1 2 3

6 0 2 0 0 5 7 9 8
0 4 0 7 9 0 6 0 2
7 9 0 6 0 2 0 4 5
2 3 0 5 7 9 0 0 1
0 6 0 2 3 0 5 7 9
0 0 0 0 0 1 0 3 4
1 0 0 4 0 0 0 8 6
4 5 0 0 8 0 1 0 7
9 0 6 0 0 0 4 5 3

6 0 2 0 0 5 7 9 8
0 4 0 7 9 0 6 0 2
7 9 0 6 0 2 0 4 5
2 3 0 5 7 9 0 0 1
0 6 0 2 3 0 5 7 9
0 0 0 0 0 1 0 3 4
4 0 0 9 0 0 0 2 6
9 8 0 0 2 0 4 0 7
1 0 3 0 0 0 9 8 3

6 0 2 0 0 5 7 9 8
0 9 0 6 1 0 3 0 2
3 4 0 7 0 8 0 1 5
2 3 0 5 7 9 0 0 1
0 7 0 8 6 0 2 3 9
0 0 0 0 0 4 0 7 4
1 0 0 4 0 0 0 8 6
9 8 0 0 2 0 4 0 7
4 0 7 0 0 0 1 2 3

6 0 2 0 0 5 7 9 8
0 9 0 6 1 0 3 0 2
3 4 0 7 0 8 0 1 5
8 6 0 2 3 4 0 0 1
0 3 0 5 7 0 8 6 9
0 0 0 0 0 1 0 3 4
1 0 0 4 0 0 0 8 6
9 8 0 0 2 0 4 0 7
4 0 7 0 0 0 1 2 3

6 0 2 0 0 5 7 9 8
0 9 0 6 1 0 3 0 2
3 4 0 7 0 8 0 1 5
5 7 0 8 6 1 0 0 1
0 6 0 2 3 0 5 7 9
0 0 0 0 0 9 0 6 4
1 0 0 4 0 0 0 8 6
9 8 0 0 2 0 4 0 7
4 0 7 0 0 0 1 2 3

6 0 2 0 0 5 7 9 8
0 9 0 6 1 0 3 0 2
3 4 0 7 0 8 0 1 5
2 3 0 5 7 9 0 0 1
0 6 0 2 3 0 5 7 9
0 0 0 0 0 1 0 3 4
9 0 0 1 0 0 0 5 6
1 2 0 0 5 0 9 0 7
4 0 7 0 0 0 1 2 3

6 0 2 0 0 5 7 9 8
0 9 0 6 1 0 3 0 2
3 4 0 7 0 8 0 1 5
2 3 0 5 7 9 0 0 1
0 6 0 2 3 0 5 7 9
0 0 0 0 0 1 0 3 4
1 0 0 4 0 0 0 8 6
4 5 0 0 8 0 1 0 7
9 0 6 0 0 0 4 5 3

6 0 2 0 0 5 7 9 8
0 9 0 6 1 0 3 0 2
3 4 0 7 0 8 0 1 5
2 3 0 5 7 9 0 0 1
0 6 0 2 3 0 5 7 9
0 0 0 0 0 1 0 3 4
4 0 0 9 0 0 0 2 6
9 8 0 0 2 0 4 0 7
1 0 3 0 0 0 9 8 3

6 0 2 0 0 5 7 9 8
0 4 0 7 9 0 6 0 2
7 9 0 6 0 2 0 4 5
8 6 0 2 3 4 0 0 1
0 3 0 5 7 0 8 6 9
0 0 0 0 0 1 0 3 4
9 0 0 1 0 0 0 5 6
1 2 0 0 5 0 9 0 7
4 0 7 0 0 0 1 2 3

6 0 2 0 0 5 7 9 8
0 4 0 7 9 0 6 0 2
7 9 0 6 0 2 0 4 5
8 6 0 2 3 4 0 0 1
0 3 0 5 7 0 8 6 9
0 0 0 0 0 1 0 3 4
1 0 0 4 0 0 0 8 6
4 5 0 0 8 0 1 0 7
9 0 6 0 0 0 4 5 3

6 0 2 0 0 5 7 9 8
0 4 0 7 9 0 6 0 2
7 9 0 6 0 2 0 4 5
8 6 0 2 3 4 0 0 1
0 3 0 5 7 0 8 6 9
0 0 0 0 0 1 0 3 4
4 0 0 9 0 0 0 2 6
9 8 0 0 2 0 4 0 7
1 0 3 0 0 0 9 8 3

6 0 2 0 0 5 7 9 8
0 4 0 7 9 0 6 0 2
7 9 0 6 0 2 0 4 5
2 3 0 5 7 9 0 0 1
0 7 0 8 6 0 2 3 9
0 0 0 0 0 4 0 7 4
9 0 0 1 0 0 0 5 6
1 2 0 0 5 0 9 0 7
4 0 7 0 0 0 1 2 3

6 0 2 0 0 5 7 9 8
0 4 0 7 9 0 6 0 2
7 9 0 6 0 2 0 4 5
2 3 0 5 7 9 0 0 1
0 7 0 8 6 0 2 3 9
0 0 0 0 0 4 0 7 4
1 0 0 4 0 0 0 8 6
4 5 0 0 8 0 1 0 7
9 0 6 0 0 0 4 5 3

6 0 2 0 0 5 7 9 8
0 4 0 7 9 0 6 0 2
7 9 0 6 0 2 0 4 5
2 3 0 5 7 9 0 0 1
0 7 0 8 6 0 2 3 9
0 0 0 0 0 4 0 7 4
4 0 0 9 0 0 0 2 6
9 8 0 0 2 0 4 0 7
1 0 3 0 0 0 9 8 3

6 0 2 0 0 5 7 9 8
0 4 0 7 9 0 6 0 2
7 9 0 6 0 2 0 4 5
5 7 0 8 6 1 0 0 1
0 6 0 2 3 0 5 7 9
0 0 0 0 0 9 0 6 4
9 0 0 1 0 0 0 5 6
1 2 0 0 5 0 9 0 7
4 0 7 0 0 0 1 2 3

6 0 2 0 0 5 7 9 8
0 4 0 7 9 0 6 0 2
7 9 0 6 0 2 0 4 5
5 7 0 8 6 1 0 0 1
0 6 0 2 3 0 5 7 9
0 0 0 0 0 9 0 6 4
1 0 0 4 0 0 0 8 6
4 5 0 0 8 0 1 0 7
9 0 6 0 0 0 4 5 3

6 0 2 0 0 5 7 9 8
0 4 0 7 9 0 6 0 2
7 9 0 6 0 2 0 4 5
5 7 0 8 6 1 0 0 1
0 6 0 2 3 0 5 7 9
0 0 0 0 0 9 0 6 4
4 0 0 9 0 0 0 2 6
9 8 0 0 2 0 4 0 7
1 0 3 0 0 0 9 8 3

6 0 2 0 0 5 7 9 8
0 9 0 6 1 0 3 0 2
3 4 0 7 0 8 0 1 5
8 6 0 2 3 4 0 0 1
0 3 0 5 7 0 8 6 9
0 0 0 0 0 1 0 3 4
9 0 0 1 0 0 0 5 6
1 2 0 0 5 0 9 0 7
4 0 7 0 0 0 1 2 3

6 0 2 0 0 5 7 9 8
0 9 0 6 1 0 3 0 2
3 4 0 7 0 8 0 1 5
8 6 0 2 3 4 0 0 1
0 3 0 5 7 0 8 6 9
0 0 0 0 0 1 0 3 4
1 0 0 4 0 0 0 8 6
4 5 0 0 8 0 1 0 7
9 0 6 0 0 0 4 5 3

6 0 2 0 0 5 7 9 8
0 9 0 6 1 0 3 0 2
3 4 0 7 0 8 0 1 5
8 6 0 2 3 4 0 0 1
0 3 0 5 7 0 8 6 9
0 0 0 0 0 1 0 3 4
4 0 0 9 0 0 0 2 6
9 8 0 0 2 0 4 0 7
1 0 3 0 0 0 9 8 3

6 0 2 0 0 5 7 9 8
0 9 0 6 1 0 3 0 2
3 4 0 7 0 8 0 1 5
2 3 0 5 7 9 0 0 1
0 7 0 8 6 0 2 3 9
0 0 0 0 0 4 0 7 4
9 0 0 1 0 0 0 5 6
1 2 0 0 5 0 9 0 7
4 0 7 0 0 0 1 2 3

6 0 2 0 0 5 7 9 8
0 9 0 6 1 0 3 0 2
3 4 0 7 0 8 0 1 5
2 3 0 5 7 9 0 0 1
0 7 0 8 6 0 2 3 9
0 0 0 0 0 4 0 7 4
1 0 0 4 0 0 0 8 6
4 5 0 0 8 0 1 0 7
9 0 6 0 0 0 4 5 3

6 0 2 0 0 5 7 9 8
0 9 0 6 1 0 3 0 2
3 4 0 7 0 8 0 1 5
2 3 0 5 7 9 0 0 1
0 7 0 8 6 0 2 3 9
0 0 0 0 0 4 0 7 4
4 0 0 9 0 0 0 2 6
9 8 0 0 2 0 4 0 7
1 0 3 0 0 0 9 8 3

6 0 2 0 0 5 7 9 8
0 9 0 6 1 0 3 0 2
3 4 0 7 0 8 0 1 5
5 7 0 8 6 1 0 0 1
0 6 0 2 3 0 5 7 9
0 0 0 0 0 9 0 6 4
9 0 0 1 0 0 0 5 6
1 2 0 0 5 0 9 0 7
4 0 7 0 0 0 1 2 3

6 0 2 0 0 5 8 7 9
0 4 0 8 7 0 6 0 2
8 7 0 6 0 2 0 4 5
2 3 0 5 8 7 0 0 1
0 6 0 2 3 0 5 8 7
0 0 0 0 0 1 0 3 4
1 0 0 4 0 0 0 9 6
7 9 0 0 2 0 4 0 8
4 0 8 0 0 0 1 2 3

6 0 2 0 0 5 8 7 9
0 7 0 6 1 0 3 0 2
3 4 0 8 0 9 0 1 5
2 3 0 5 8 7 0 0 1
0 6 0 2 3 0 5 8 7
0 0 0 0 0 1 0 3 4
1 0 0 4 0 0 0 9 6
7 9 0 0 2 0 4 0 8
4 0 8 0 0 0 1 2 3

6 0 2 0 0 5 8 7 9
0 4 0 8 7 0 6 0 2
8 7 0 6 0 2 0 4 5
2 3 0 5 8 7 0 0 1
0 8 0 9 6 0 2 3 7
0 0 0 0 0 4 0 8 4
1 0 0 4 0 0 0 9 6
7 9 0 0 2 0 4 0 8
4 0 8 0 0 0 1 2 3

6 0 2 0 0 5 8 7 9
0 4 0 8 7 0 6 0 2
8 7 0 6 0 2 0 4 5
9 6 0 2 3 4 0 0 1
0 3 0 5 8 0 9 6 7
0 0 0 0 0 1 0 3 4
1 0 0 4 0 0 0 9 6
7 9 0 0 2 0 4 0 8
4 0 8 0 0 0 1 2 3

6 0 2 0 0 5 8 7 9
0 4 0 8 7 0 6 0 2
8 7 0 6 0 2 0 4 5
5 8 0 9 6 1 0 0 1
0 6 0 2 3 0 5 8 7
0 0 0 0 0 7 0 6 4
1 0 0 4 0 0 0 9 6
7 9 0 0 2 0 4 0 8
4 0 8 0 0 0 1 2 3

6 0 2 0 0 5 8 7 9
0 4 0 8 7 0 6 0 2
8 7 0 6 0 2 0 4 5
2 3 0 5 8 7 0 0 1
0 6 0 2 3 0 5 8 7
0 0 0 0 0 1 0 3 4
7 0 0 1 0 0 0 5 6
1 2 0 0 5 0 7 0 8
4 0 8 0 0 0 1 2 3

6 0 2 0 0 5 8 7 9
0 4 0 8 7 0 6 0 2
8 7 0 6 0 2 0 4 5
2 3 0 5 8 7 0 0 1
0 6 0 2 3 0 5 8 7
0 0 0 0 0 1 0 3 4
1 0 0 4 0 0 0 9 6
4 5 0 0 9 0 1 0 8
7 0 6 0 0 0 4 5 3

6 0 2 0 0 5 8 7 9
0 4 0 8 7 0 6 0 2
8 7 0 6 0 2 0 4 5
2 3 0 5 8 7 0 0 1
0 6 0 2 3 0 5 8 7
0 0 0 0 0 1 0 3 4
4 0 0 7 0 0 0 2 6
7 9 0 0 2 0 4 0 8
1 0 3 0 0 0 7 9 3

6 0 2 0 0 5 8 7 9
0 7 0 6 1 0 3 0 2
3 4 0 8 0 9 0 1 5
2 3 0 5 8 7 0 0 1
0 8 0 9 6 0 2 3 7
0 0 0 0 0 4 0 8 4
1 0 0 4 0 0 0 9 6
7 9 0 0 2 0 4 0 8
4 0 8 0 0 0 1 2 3

6 0 2 0 0 5 8 7 9
0 7 0 6 1 0 3 0 2
3 4 0 8 0 9 0 1 5
9 6 0 2 3 4 0 0 1
0 3 0 5 8 0 9 6 7
0 0 0 0 0 1 0 3 4
1 0 0 4 0 0 0 9 6
7 9 0 0 2 0 4 0 8
4 0 8 0 0 0 1 2 3

6 0 2 0 0 5 8 7 9
0 7 0 6 1 0 3 0 2
3 4 0 8 0 9 0 1 5
5 8 0 9 6 1 0 0 1
0 6 0 2 3 0 5 8 7
0 0 0 0 0 7 0 6 4
1 0 0 4 0 0 0 9 6
7 9 0 0 2 0 4 0 8
4 0 8 0 0 0 1 2 3

6 0 2 0 0 5 8 7 9
0 7 0 6 1 0 3 0 2
3 4 0 8 0 9 0 1 5
2 3 0 5 8 7 0 0 1
0 6 0 2 3 0 5 8 7
0 0 0 0 0 1 0 3 4
7 0 0 1 0 0 0 5 6
1 2 0 0 5 0 7 0 8
4 0 8 0 0 0 1 2 3

6 0 2 0 0 5 8 7 9
0 7 0 6 1 0 3 0 2
3 4 0 8 0 9 0 1 5
2 3 0 5 8 7 0 0 1
0 6 0 2 3 0 5 8 7
0 0 0 0 0 1 0 3 4
1 0 0 4 0 0 0 9 6
4 5 0 0 9 0 1 0 8
7 0 6 0 0 0 4 5 3

6 0 2 0 0 5 8 7 9
0 7 0 6 1 0 3 0 2
3 4 0 8 0 9 0 1 5
2 3 0 5 8 7 0 0 1
0 6 0 2 3 0 5 8 7
0 0 0 0 0 1 0 3 4
4 0 0 7 0 0 0 2 6
7 9 0 0 2 0 4 0 8
1 0 3 0 0 0 7 9 3

6 0 2 0 0 5 8 7 9
0 4 0 8 7 0 6 0 2
8 7 0 6 0 2 0 4 5
9 6 0 2 3 4 0 0 1
0 3 0 5 8 0 9 6 7
0 0 0 0 0 1 0 3 4
7 0 0 1 0 0 0 5 6
1 2 0 0 5 0 7 0 8
4 0 8 0 0 0 1 2 3

6 0 2 0 0 5 8 7 9
0 4 0 8 7 0 6 0 2
8 7 0 6 0 2 0 4 5
9 6 0 2 3 4 0 0 1
0 3 0 5 8 0 9 6 7
0 0 0 0 0 1 0 3 4
1 0 0 4 0 0 0 9 6
4 5 0 0 9 0 1 0 8
7 0 6 0 0 0 4 5 3

6 0 2 0 0 5 8 7 9
0 4 0 8 7 0 6 0 2
8 7 0 6 0 2 0 4 5
9 6 0 2 3 4 0 0 1
0 3 0 5 8 0 9 6 7
0 0 0 0 0 1 0 3 4
4 0 0 7 0 0 0 2 6
7 9 0 0 2 0 4 0 8
1 0 3 0 0 0 7 9 3

6 0 2 0 0 5 8 7 9
0 4 0 8 7 0 6 0 2
8 7 0 6 0 2 0 4 5
2 3 0 5 8 7 0 0 1
0 8 0 9 6 0 2 3 7
0 0 0 0 0 4 0 8 4
7 0 0 1 0 0 0 5 6
1 2 0 0 5 0 7 0 8
4 0 8 0 0 0 1 2 3

6 0 2 0 0 5 8 7 9
0 4 0 8 7 0 6 0 2
8 7 0 6 0 2 0 4 5
2 3 0 5 8 7 0 0 1
0 8 0 9 6 0 2 3 7
0 0 0 0 0 4 0 8 4
1 0 0 4 0 0 0 9 6
4 5 0 0 9 0 1 0 8
7 0 6 0 0 0 4 5 3

6 0 2 0 0 5 8 7 9
0 4 0 8 7 0 6 0 2
8 7 0 6 0 2 0 4 5
2 3 0 5 8 7 0 0 1
0 8 0 9 6 0 2 3 7
0 0 0 0 0 4 0 8 4
4 0 0 7 0 0 0 2 6
7 9 0 0 2 0 4 0 8
1 0 3 0 0 0 7 9 3