6 1 2 3 4 5 7 9 8
3 4 5 7 9 8 6 1 2
7 9 8 6 1 2 3 4 5
2 3 4 5 7 9 8 6 1
8 6 1 2 3 4 5 7 9
5 7 9 8 6 1 2 3 4
1 2 3 4 5 7 9 8 6
9 8 6 1 2 3 4 5 7
4 5 7 9 8 6 1 2 3

6 1 2 3 4 5 8 7 9
3 4 5 8 7 9 6 1 2
8 7 9 6 1 2 3 4 5
2 3 4 5 8 7 9 6 1
9 6 1 2 3 4 5 8 7
5 8 7 9 6 1 2 3 4
1 2 3 4 5 8 7 9 6
7 9 6 1 2 3 4 5 8
4 5 8 7 9 6 1 2 3

6 1 2 3 4 5 8 9 7
3 4 5 8 9 7 6 1 2
8 9 7 6 1 2 3 4 5
2 3 4 5 8 9 7 6 1
7 6 1 2 3 4 5 8 9
5 8 9 7 6 1 2 3 4
1 2 3 4 5 8 9 7 6
9 7 6 1 2 3 4 5 8
4 5 8 9 7 6 1 2 3

6 1 2 3 4 5 9 7 8
3 4 5 9 7 8 6 1 2
9 7 8 6 1 2 3 4 5
2 3 4 5 9 7 8 6 1
8 6 1 2 3 4 5 9 7
5 9 7 8 6 1 2 3 4
1 2 3 4 5 9 7 8 6
7 8 6 1 2 3 4 5 9
4 5 9 7 8 6 1 2 3

6 1 2 3 4 5 9 8 7
3 4 5 9 8 7 6 1 2
9 8 7 6 1 2 3 4 5
2 3 4 5 9 8 7 6 1
7 6 1 2 3 4 5 9 8
5 9 8 7 6 1 2 3 4
1 2 3 4 5 9 8 7 6
8 7 6 1 2 3 4 5 9
4 5 9 8 7 6 1 2 3

6 1 2 3 4 7 5 8 9
3 4 7 5 8 9 6 1 2
5 8 9 6 1 2 3 4 7
2 3 4 7 5 8 9 6 1
9 6 1 2 3 4 7 5 8
7 5 8 9 6 1 2 3 4
1 2 3 4 7 5 8 9 6
8 9 6 1 2 3 4 7 5
4 7 5 8 9 6 1 2 3

6 1 2 3 4 7 5 9 8
3 4 7 5 9 8 6 1 2
5 9 8 6 1 2 3 4 7
2 3 4 7 5 9 8 6 1
8 6 1 2 3 4 7 5 9
7 5 9 8 6 1 2 3 4
1 2 3 4 7 5 9 8 6
9 8 6 1 2 3 4 7 5
4 7 5 9 8 6 1 2 3

6 1 2 3 4 7 8 5 9
3 4 7 8 5 9 6 1 2
8 5 9 6 1 2 3 4 7
2 3 4 7 8 5 9 6 1
9 6 1 2 3 4 7 8 5
7 8 5 9 6 1 2 3 4
1 2 3 4 7 8 5 9 6
5 9 6 1 2 3 4 7 8
4 7 8 5 9 6 1 2 3

6 1 2 3 4 7 8 9 5
3 4 7 8 9 5 6 1 2
8 9 5 6 1 2 3 4 7
2 3 4 7 8 9 5 6 1
5 6 1 2 3 4 7 8 9
7 8 9 5 6 1 2 3 4
1 2 3 4 7 8 9 5 6
9 5 6 1 2 3 4 7 8
4 7 8 9 5 6 1 2 3

6 1 2 3 4 7 9 5 8
3 4 7 9 5 8 6 1 2
9 5 8 6 1 2 3 4 7
2 3 4 7 9 5 8 6 1
8 6 1 2 3 4 7 9 5
7 9 5 8 6 1 2 3 4
1 2 3 4 7 9 5 8 6
5 8 6 1 2 3 4 7 9
4 7 9 5 8 6 1 2 3
